0
0
0
0
0
0
0.062288166499523644
0.11932503002038608
0.19158727610717197
0.24715408419861357
0.3069111703426229
0.36004385100024755
0.41272754067956574
0.46825396302022293
0
0.05804510506594387
0.11019935122210128
0.16235423568086155
0.21450392635487586
0.2666733130754903
0.3189075662590936
0.3711368604789347
0.42349087606041375
0.47564610441823263
0
0.052634661021916745
0.10942796280826861
0.16158395219700228
0.2137871000668686
0.2660351317772454
0.3227184979861581
0.375755151672031
0.4342235961012468
0.4887632298892315
0
0.06276632918898342
0.12256242759612662
0.18305085241630087
0.2602187975724485
0.33248936810259344
0
0
0
0
0
0
0
0
0
0
