0.43080701120370524
0.16024271719509336
0.09190939978207469
0.07889717463647819
0.058266089440751435
0.062288166499523644
0.05703686352086244
0.07226224608678589
0.05556680809144159
0.059757086144009305
0.053132680657624665
0.05268368967931816
0.055526422340657175
0.06213751766694528
0.05804510506594387
0.05215424615615742
0.052154884458760264
0.05214969067401431
0.052169386720614434
0.05223425318360331
0.05222929421984109
0.05235401558147907
0.05215522835781889
0.05513983879027361
0.052634661021916745
0.05679330178635187
0.05215598938873368
0.05220314786986633
0.05224803171037683
0.0566833662089127
0.05303665368587291
0.05846844442921577
0.05453963378798469
0.053799849402333386
0.06276632918898342
0.05979609840714319
0.06048842482017426
0.0771679451561476
0.07227057053014499
0.10451443814275198
0.09564816737980114
0.10519806068672849
0.12848192607838285
0.13412050670969416
0.15741086358027095
0.16042522445291546
0.15717471422591944
0.12635016987042447
