0.0
0.049134190553764674
0.050193286813177335
0.04167225490583806
0.03382027165004157
0.023273581526077662
0.018843587660252854
0.021011907626914086
0.020738275753144755
0.023273581526077662
0.024093162502362455
0.023604658652208788
0.025349601757169042
0.02511903370446456
0.022426542604796436
0.024808046372848242
0.02472965742485027
0.024253862451980968
0.023106399129450464
0.024173644858921605
0.023356760420442983
0.022340293832068356
0.02259819023692693
0.021372578086698256
0.023106399129450464
0.021011907626914086
0.02511903370446456
0.02550205424655538
0.01952089866135031
0.021816794386143517
0.022426542604796436
0.021639984312354178
0.022253760541688872
0.036223685074423084
0.04576494652354236
0.059183794614329634
0.07669239667534486
0.08827904243266504
0.09336563519135978
0.09478366197460487
0.09862452473678135
0.09851026005741437
0.09219989952436576
0.09478366197460487
0.09336563519135978
0.08390660095514825
0.09052779124356998
0.08490602213763518
0.08490602213763518
0.07825334370333734
0.08136100656606736
0.07981153869126818
0.07929280698955499
0.07669239667534486
0.07981153869126818
0.07981153869126818
0.07929280698955499
0.0803293039082657
0.08440792001236933
0.0828953841203405
0.08589147476611103
0.08238601040104931
0.08187446786639378
0.0965691762893613
