0
0
0.16024271719509336
0
0.07887620993565389
0.13715460093591733
0.19946398824017075
0
0.07227091316058595
0.12783661610966895
0.18759429593624782
0
0.05268364994850591
0.108226599409527
0.17034209702435024
0
0.052154413280360315
0.10430908600013675
0.15645877466930552
0
0.05222964493087825
0.1044622969091556
0.1568110787696235
0
0.0550710732321808
0.10771440499922966
0.1645328816820984
0
0.05220525179177832
0.10445682630055692
0.16114868838023158
0
0.05840932808452703
0.11289143547089169
0.1666218458419956
0
0.059988396137015565
0.12073846140036977
0.1982213669117544
0
0.10427174569568907
0.19943943437901387
0
0.12844003266726878
0
0.15733454938244537
0
0.15729715608922143
0
0
