0.43080701120370524
0.16024271719509336
0.09201432837680787
0.07887620993565389
0.05827839100026344
0.06230938730425343
0.05705357855722041
0.07227091316058595
0.055565702949083015
0.059757679826578876
0.05313564288392108
0.05268364994850591
0.05554294946102109
0.06211549761482325
0.0580893401434995
0.052154413280360315
0.05215467271977643
0.052149688669168776
0.052169638710779065
0.05222964493087825
0.05223265197827734
0.05234878186046791
0.0521568788163826
0.0550710732321808
0.05264333176704886
0.056818476682868754
0.05215477720686678
0.05220525179177832
0.05225157450877859
0.05669186207967467
0.053045829501297825
0.05840932808452703
0.05448210738636466
0.05373041037110392
0.06300611083026016
0.059988396137015565
0.060750065263354205
0.07748290551138463
0.07263938118697068
0.10427174569568907
0.0951676886833248
0.1047045767405961
0.12844003266726878
0.13336451191965887
0.15733454938244537
0.1602418359489844
0.15729715608922143
0.12522147879204004
