0
0
0.16013035623138133
0.2453701171232452
0
0.058798099501718305
0.12221130026225738
0.17703993946589747
0.23966514277830586
0.29256368347182377
0
0.05309855311456924
0.10546380586223332
0.1616448458632338
0.22393065192011105
0.28006514976333474
0
0.05272461698917516
0.10487430540079312
0.15720801200081155
0.20987130204888982
0.26217705710715805
0
0.052237023521995364
0.10694341503902378
0.15939523339444955
0.21275565504900865
0.26499394590795433
0
0.05214979699406778
0.10728802645557578
0.1603360264534767
0.21566236330725025
0.268536590392364
0
0.06450968312147787
0.12085475177506724
0.17747797206015153
0.2493853723245023
0
0.09346998583024402
0.17950241348827112
0.2770655587280783
0
0.1315564067911243
0.29120288869759764
0
0.15166372968213854
0.270946699175318
0
