0.4699178412259774
0.16013035623138133
0.08523976089186384
0.0802560025523844
0.058798099501718305
0.06341320076053908
0.05482863920364008
0.0626252033124084
0.05289854069351788
0.05659281054611684
0.05309855311456924
0.05236525274766408
0.056181040001000465
0.06228580605687725
0.05613449784322368
0.05215153124519678
0.05272461698917516
0.05214968841161797
0.05233370660001843
0.05266329004807827
0.05230575505826822
0.05313410350504592
0.052237023521995364
0.05470639151702842
0.05245181835542578
0.053360421654559086
0.05223829085894571
0.052152542551369
0.05214979699406778
0.055138229461508
0.053047999997900906
0.05532633685377354
0.05287422708511373
0.054356204972736126
0.06450968312147787
0.05634506865358938
0.05662322028508429
0.07190740026435076
0.06594533677774174
0.09346998583024402
0.08603242765802711
0.0975631452398072
0.12995140104724442
0.1315564067911243
0.15964648190647335
0.16153991729437756
0.15166372968213854
0.11928296949317947
