0
0
0
0.09190939978207469
0
0.058259043485630144
0.12054290751985818
0
0.07225915362638091
0.12782016609652064
0
0.05313232931112031
0.10581298803666282
0.16134300714734462
0.2234506006638744
0.28153004412342936
0
0.05215408482848952
0.10430379482924039
0.1564751239930347
0.2087046427228878
0.26093909247693164
0
0.052159873078136465
0.10722434886671586
0.15986655313006998
0.2166796543611883
0.26883458728157084
0
0.05224252052915108
0.10888945171756778
0.16190257304821498
0.22029735203423562
0.27478134973384494
0
0.06274512979615617
0.12252323016833827
0.18297837534597514
0.2601011280975427
0
0.10402824068301973
0.19895661571060969
0
0.12835259155012757
0.2617383477125126
0
0
0
0.12627794522954428
0
