0.43080701120370524
0.16024271719509336
0.09190939978207469
0.07890422394398448
0.058259043485630144
0.06228386403422803
0.05703247387712744
0.07225915362638091
0.05556101247013971
0.059751539531992116
0.05313232931112031
0.05268065872554251
0.05553001911068181
0.06210759351652978
0.05807944345955495
0.05215302516004588
0.05215408482848952
0.05214971000075087
0.05217132916379433
0.05222951872985309
0.052234449754043864
0.052346104566857454
0.052159873078136465
0.0550644757885794
0.0526422042633541
0.056813101231118324
0.052154932920382556
0.0522068583371115
0.05224252052915108
0.05664693118841671
0.053013121330647194
0.05839477898602063
0.0544839976996093
0.05372869484906654
0.06274512979615617
0.05977810037218211
0.06045514517763686
0.0771227527515676
0.07220919454030233
0.10402824068301973
0.09492837502758997
0.10449349672481784
0.12835259155012757
0.133385756162385
0.15738742859342636
0.16044209977997342
0.15713736516413346
0.12627794522954428
