0
0.43080701120370524
0
0.0919011294440162
0.17079977807962932
0.2291056203291097
0.29146817491437876
0.3485460759898776
0.4209061986408593
0.47651833395254684
0
0.05314200582475627
0.10582721894292929
0.16138054827030449
0.22348322643722163
0.28156739789872465
0.3337194088734391
0.38587746194038564
0.4380275691108632
0.4901893249332805
0
0.05223223445264365
0.104581231958607
0.15673908842904172
0.21186596390007564
0.2645313321693219
0.32143920202936743
0.3735910563384966
0.4258135499938452
0.47809132129137494
0
0.0530862369445371
0.11168010128341296
0.16628232007152208
0.22016165715749078
0.28352599095583664
0.3439522567566503
0.40534548389714437
0.4837386572914642
0
0.10489085590361906
0.20069842535953963
0.30604450176861964
0.4351297491624925
0
0.1575160499206001
0.31783382240821445
0.4741207829888654
0
0
