0.43080701120370524
0.16027074665683466
0.0919011294440162
0.07889864863561312
0.05830584224948037
0.062362554585269084
0.05707790107549882
0.07236012265098171
0.055612135311687516
0.05983566435178086
0.05314200582475627
0.05268521311817303
0.05555332932737519
0.062102678166917155
0.05808417146150302
0.05215201097471447
0.05215805306694657
0.05215010717047757
0.052161755822417284
0.0522451744648637
0.05223223445264365
0.052348997505963356
0.05215785647043473
0.055126875471033926
0.05266536826924627
0.056907869860045535
0.052151854309129164
0.0522224936553486
0.05227777129752977
0.05684608251644338
0.0530862369445371
0.05859386433887585
0.054602218788109114
0.053879337085968704
0.06336433379834588
0.06042626580081365
0.06139322714049407
0.07839317339431984
0.07383741533705362
0.10489085590361906
0.09580756945592057
0.10534607640907999
0.12908524739387284
0.13420834080105748
0.1575160499206001
0.1603177724876144
0.15628696058065097
0.12322962767910095
