0
0
0.15858903014080894
0.2516601582577965
0
0.05779458066714987
0.12616766966328957
0.181342562867151
0.24420484322688835
0.2983820867645168
0
0.05449764217805856
0.10716170192515218
0.16285710679197798
0.2278649869351993
0.28913759661271693
0
0.052207589999837205
0.10435923647634385
0.156509908370132
0.20886990997228455
0.2610196420071258
0
0.05227149270425522
0.10516089599627232
0.15787417477209392
0.2152320266690273
0.2674301206685388
0
0.0528272263658779
0.10663563886931868
0.15974674471708133
0.21438629989145866
0.26856003789114113
0
0.0772623510630768
0.13618411011815365
0.19872338242681314
0.27134067974403225
0
0.10243183882709231
0.1978161880123307
0
0.13876991536848174
0.26986661880807633
0
0.16027660895750814
0
0.13365985595997865
0
