0.4942235909864145
0.15858903014080894
0.09307112811698755
0.08042178482734404
0.05779458066714987
0.06837308899613971
0.05517489320386142
0.06286228035973733
0.05417724353762845
0.05672834441723426
0.05449764217805856
0.05266405974709361
0.05569540486682581
0.06500788014322133
0.06127260967751764
0.052459843798399186
0.052207589999837205
0.05215164647650665
0.05215067189378818
0.05236000160215253
0.05214973203484127
0.05270507914660494
0.05227149270425522
0.052889403292017106
0.0527132787758216
0.057357851896933376
0.0521980939995115
0.052267235959111036
0.0528272263658779
0.05380841250344077
0.053111105847762664
0.05463955517437732
0.05417373799968246
0.056640307623170655
0.0772623510630768
0.05892175905507685
0.0625392723086595
0.0726172973172191
0.07404705691990507
0.10243183882709231
0.09538434918523839
0.10851903798755198
0.13876991536848174
0.1310967034395946
0.15832024802622818
0.16027660895750814
0.156463520500985
0.13365985595997865
