0
0
0
0
0
0
0
0
0
0
0
0.0531371171324555
0.10582141264034566
0.16136113548392264
0.22347553114714355
0.2815656938891
0
0.052154664782697924
0.10430435669720209
0.156474256595419
0.2087054642751775
0.2609368900173629
0
0.052159422192164635
0.10724612426456002
0.15989196167465114
0.21673457902143856
0.2688887501637606
0
0.052246888146540896
0.10892907846845136
0.16195179141450772
0.22039843931618897
0.27490192159537585
0
0.06282881510827841
0.12267338495005259
0.18320709812907526
0.26044760708900916
0
0.10414057166657843
0.19917000924840556
0
0.12837209858674872
0.26171987266672714
0
0
0
0
0
