0
0
0.16013035623138133
0.2453701171232452
0.3256261196756296
0.3844693371848478
0
0.054847599294025835
0.11750089225401672
0.17040985056396313
0.22702766723369158
0.280119444582075
0.3324822705420472
0.3886499663036223
0
0.056128971698678615
0.10828045933012714
0.1610046610314684
0.21315434914626827
0.2654881549018338
0.3181543687506855
0.3704595723799245
0
0.05223814898668178
0.10694326129177209
0.1593919221035598
0.21274887723333047
0.26498907102056174
0.3171420445185668
0.3692917340088239
0
0.05305185540251108
0.1083999942886499
0.16128212101007613
0.21564789458808525
0.28038826831954333
0.3369248580265237
0.39380515377383923
0
0.06629868320865683
0.16028206350463414
0.24702295920547426
0.34551191282107835
0
0.13186978902879168
0.2915898449063433
0
0.15166546344007403
0.2709913939075326
0
