0.4699178412259774
0.16013035623138133
0.08523976089186384
0.0802560025523844
0.058843217509218226
0.06348398520010497
0.054847599294025835
0.06265329295999088
0.0529089583099464
0.05661781666972846
0.05309177734838339
0.05236282595997223
0.05616769576157508
0.06228560966600977
0.056128971698678615
0.05215148763144853
0.05272420170134127
0.052149688114799864
0.05233380575556556
0.052666213848851666
0.05230520362923904
0.053135566277468335
0.05223814898668178
0.0547051123050903
0.052448660811787694
0.053356955129770664
0.052240193787231284
0.05215297349800509
0.052149689490257105
0.055167200258615025
0.05305185540251108
0.05534813888613881
0.05288212672142624
0.05436577357800912
0.06474037373145809
0.056536589706980375
0.05688029574731549
0.07246823983028068
0.06629868320865683
0.09398338029597733
0.08674089570084012
0.09848895361560407
0.1308902167495407
0.13186978902879168
0.15972005587755167
0.1615560955359826
0.15166546344007403
0.11932593046745857
