0.06289837509393692
0.18145271390676498
0.03465776890516281
0.10091380774974823
0.02046363428235054
0.060103584080934525
0.12026576325297356
0.015445505268871784
0.04532279912382364
0.09066292364150286
0.01075748261064291
0.03181707765907049
0.06385012622922659
0.10726779233664274
0.008177214302122593
0.024229933507740498
0.04868162516504526
0.08187006134539843
0.12415133137255907
0.006504327058792114
0.019264022819697857
0.03872728068381548
0.06519099045544863
0.09896995965391397
0.004923739470541477
0.014584972523152828
0.029348762705922127
0.04946625418961048
0.07520492933690548
0.10685197822749615
0.005168442614376545
0.015140672214329243
0.030386277474462986
0.05120488163083792
0.07791395206004381
0.11085728276520967
0.006566484924405813
0.01898031635209918
0.0379429399035871
0.06389436079189181
0.09727636678144336
0.012539793737232685
0.0358324246481061
0.07099082414060831
