0.06289837509393692
0.11855433881282806
0.03465776890516281
0.06625603884458542
0.02046363428235054
0.039639949798583984
0.06016217917203903
0.015445505268871784
0.02987729385495186
0.045340124517679214
0.01075748261064291
0.021059595048427582
0.0320330485701561
0.04341766610741615
0.008177214302122593
0.016052719205617905
0.024451691657304764
0.033188436180353165
0.042281270027160645
0.006504327058792114
0.012759695760905743
0.019463257864117622
0.026463709771633148
0.03377896919846535
0.004923739470541477
0.009661233052611351
0.014763790182769299
0.020117491483688354
0.025738675147294998
0.03164704889059067
0.005168442614376545
0.009972229599952698
0.015245605260133743
0.02081860415637493
0.026709070429205894
0.03294333070516586
0.006566484924405813
0.012413831427693367
0.018962623551487923
0.02595142088830471
0.033382005989551544
0.012539793737232685
0.023292630910873413
0.03515839949250221
