0.4699178412259774
0.16013035623138133
0.08519382988721927
0.08020178345879948
0.05880795678291231
0.0634311444829044
0.05486225449643515
0.06268676773699833
0.052929235998367935
0.05667248844998868
0.0531259131391093
0.052379004294167336
0.056254434279444446
0.06235216119752337
0.05616945210016687
0.05215028103538582
0.052703265924275856
0.05214982128703893
0.05232275947136942
0.05266685204933559
0.05229996596359768
0.053153469391917334
0.0522337894884815
0.05476054568235968
0.052457372057530295
0.05339552618045894
0.05223168767090521
0.05215124947064073
0.052149920286398976
0.055223703482715686
0.053091016307903284
0.055447127080864834
0.05290797111430627
0.054432386907283456
0.06468595489019759
0.056497040364302496
0.05694418918309227
0.07234404081618968
0.06640685273175569
0.09391404383421184
0.08672674044437076
0.09819605340326087
0.12957019377858897
0.13095867695565183
0.15927775667515315
0.16138372952464575
0.1523832660387876
0.12070724591811113
