0.46581643859451666
0.16029222752746136
0.0855655214166986
0.08209135794460351
0.058745704443682586
0.06080000998365698
0.05728502679980307
0.07483478956773948
0.05368944831136709
0.06100889424858847
0.05307638747557624
0.05263978745005388
0.05635135244100078
0.06365597801244435
0.05483447585482959
0.052165189226580894
0.05291243383274753
0.05218898665404417
0.05216915637464515
0.05340201608959967
0.052181959225903414
0.054141839398647744
0.053101757406100035
0.06076354515219919
0.052815755895349856
0.05398667084500027
0.05216780635798928
0.05232888869202931
0.053138614527770675
0.06202353830548766
0.05754838055935102
0.06512884731036102
0.0548421511262481
0.05622335637920578
0.0655880935206219
0.06315974524940512
0.0674098091634034
0.08790248320744616
0.07974582736335072
0.1091571721651538
0.09827181318354541
0.10837535553049168
0.12453893823095763
0.1323264842677381
0.15789312880281448
0.1583030097297029
0.16003148041817655
0.13119905601457513
