0
0
0.16013035623138133
0
0.08021293166374385
0.13901231708706016
0
0.054856994151893976
0.11753358193298045
0.17044981105439225
0
0.05311696623979142
0.10549106207655187
0.16171318675031782
0
0.05616110137151058
0.10831160382330525
0.16100980202515125
0
0.05232477952105373
0.1049903231432307
0.15728902014559548
0
0.0522340517806105
0.10698814933094324
0.15944715450310812
0
0.05223338743834582
0.10438482234022481
0.15653468769218867
0
0.05308026853083698
0.10852195857849774
0.1614462173567123
0
0.0647288602802531
0.12122420846806697
0.17803892522097103
0
0.06645533743680747
0.16053985900752088
0
0.09856265110787138
0
0.13143988370560905
0
0.1614495262680848
0
0.12043203433275215
0
