0.4699178412259774
0.16013035623138133
0.08523976089186384
0.08021293166374385
0.058799385423316315
0.06341949896115107
0.054856994151893976
0.06267658778108648
0.0529162291214118
0.056636758620314365
0.05311696623979142
0.052374095836760455
0.056222124673765944
0.062325554583056074
0.05616110137151058
0.05215050245179467
0.05269819820184601
0.052149925046498444
0.05232477952105373
0.05266554362217698
0.052298697002364766
0.053156706293979575
0.0522340517806105
0.05475409755033273
0.05245900517216488
0.053396921241583115
0.05223338743834582
0.052151434901879
0.05214986535196387
0.055221360472265765
0.05308026853083698
0.05544169004766076
0.05292425877821457
0.05445550040825318
0.0647288602802531
0.05649534818781387
0.056814716752904046
0.07221383899527149
0.06645533743680747
0.09408452157071343
0.08683290223540241
0.09856265110787138
0.13054133682314772
0.13143988370560905
0.15957258198444646
0.1614495262680848
0.15033357226050964
0.12043203433275215
