0
0
0.16024271719509336
0
0.07887620993565389
0.13715460093591733
0.19946398824017075
0.2565175667973912
0.32880667435280353
0.38439044786954746
0.4441707048839458
0.49731675984869095
0
0.055540771459101385
0.1176458548150735
0.17572697746942884
0.22787963487521437
0.2800368375849327
0.3321867770486653
0.3843506455122562
0.43659397316292736
0.4888103951369934
0
0.05215810972511855
0.10726967299880041
0.15992899210402572
0.2168072057919112
0.26895981060794905
0.3211773987960252
0.3734473013967627
0.43025146620707216
0.48336386834219136
0
0.05451481165947832
0.10828346916287947
0.17137270147883543
0.23151641133885612
0.2925015648044664
0.37032181992026253
0.4434320733784428
0
0.09610949034626066
0
0.12865745810015866
0
0.15738371427745024
0
0.1573168613758559
0
0
