0.43080701120370524
0.16024271719509336
0.09201432837680787
0.07887620993565389
0.05827839100026344
0.06230938730425343
0.05705357855722041
0.07228910755541232
0.0555837735167439
0.05978025701439833
0.05314605496474518
0.05269315376596381
0.055540771459101385
0.06210508335597211
0.05808112265435532
0.05215265740578554
0.05215720270971831
0.0521499394637326
0.05216386846359092
0.05224332765067122
0.05221642197406608
0.05237808575208304
0.05215810972511855
0.05511156327368186
0.052659319105225304
0.05687821368788549
0.05215260481603787
0.05221758818807614
0.05226990260073751
0.05680416481030948
0.05311240213511922
0.058665617405576256
0.05451481165947832
0.053768657503401145
0.06308923231595595
0.06014370986002068
0.06098515346561026
0.07782025511579616
0.0731102534581803
0.10545502751599772
0.09610949034626066
0.10566883960482079
0.12865745810015866
0.13351374660949472
0.15738371427745024
0.1602533076601465
0.1573168613758559
0.12530739656070328
