0
0
0.16024271719509336
0.2522570455719012
0
0.058253063919676495
0.12052711458196916
0.1775565490220236
0.24980014534371825
0
0.05974479175929011
0.11287537429629774
0.16555466349809628
0.22108073083610033
0.2832054361144783
0
0.05215500085738449
0.10430908395776528
0.15645877438883135
0.20863030560074
0.26086317151869354
0
0.052333636271864076
0.10449199296327648
0.1595399692204987
0.2121966659690073
0.2689902259572924
0
0.05220039620234281
0.10444830429972221
0.16108908452297585
0.2141383223709951
0.2725293766314631
0
0.053632477287348025
0.11633396428916334
0.1761308266710727
0.2366641686760249
0
0.07228018338241028
0.17662386378212092
0.2720703184687915
0
0.12825760812901646
0.2615730888322635
0
0.16036989379298253
0
0.1265357313282015
0
