0.43080701120370524
0.16024271719509336
0.09201432837680787
0.07903009584660445
0.058253063919676495
0.06227405066229267
0.05702943444005445
0.07224359632169464
0.055560612140134254
0.05974479175929011
0.05313058253700762
0.05267928920179854
0.05552606733800405
0.062124705278377976
0.0580927215938846
0.05215500085738449
0.052154083100380784
0.05214969043106608
0.05217153121190865
0.05223286591795353
0.05223268574810509
0.052333636271864076
0.0521583566914124
0.055047976257222235
0.05265669674850859
0.05679355998828509
0.05215396608677537
0.05220039620234281
0.05224790809737939
0.05664078022325363
0.05304923784801923
0.05839105426046801
0.05452924004393277
0.053632477287348025
0.06270148700181533
0.059796862381909344
0.060533342004952216
0.07713272357414169
0.07228018338241028
0.10434368039971065
0.09544645468667058
0.1052158071935601
0.12825760812901646
0.133315480703247
0.15736275048213344
0.16036989379298253
0.156278161900391
0.1265357313282015
