0
0.4699178412259774
0
0.08515405291196775
0.1653156040102646
0.22408078057098788
0.28747468222738415
0.3422742387992763
0.4048689787250647
0.4577526496501742
0
0.053090118426379465
0.10544923701453435
0.16161232090081643
0.22385456075400642
0.27995950114917606
0.3321118073033019
0.38485183442371496
0.43700161468605997
0.4893438119750404
0
0.05232165551709496
0.10542428155272984
0.1576738965289272
0.21233040588994856
0.2647580053290045
0.31807970409705194
0.3703323692561896
0.422488707524668
0.4746391040573249
0
0.053006618407410895
0.1082763131434677
0.1611092351444186
0.2154045423493035
0.27996091601114326
0.33634899147191566
0.3930569486090519
0.46513742394538926
0
0.0932821316316768
0.17903390926300755
0.2763737817485732
0.40613044176059077
0
0.1595566285183601
0.32103535880201156
0.47074885591133453
0
0
