0.4699178412259774
0.16016983728347606
0.08515405291196775
0.08016155109829685
0.05876517656072327
0.06339390165639625
0.054799556571892186
0.0625947399257884
0.052883670925109476
0.05655535027822976
0.053090118426379465
0.05235911858815488
0.05616308388628207
0.062242239853189996
0.05610494039516965
0.05215230615412584
0.052740027120413056
0.052149780262345034
0.052342197288980416
0.052649208413118424
0.05232165551709496
0.05310262603563489
0.052249614976197345
0.05465650936102136
0.05242759943905592
0.053321698768047446
0.052252665159137686
0.05215633826847839
0.05215039653265688
0.05509363441088201
0.053006618407410895
0.0552696947360568
0.05283292200095091
0.054295307204884916
0.06455637366183978
0.05638807546077241
0.05670795713713621
0.07208047533633741
0.06624583516233454
0.0932821316316768
0.08575177763133074
0.09733987248556562
0.12975666001201758
0.1310932135549897
0.1595566285183601
0.16147873028365145
0.14971349710932297
0.1183129357943552
