0
0
0
0.08519382988721927
0
0.05880795678291231
0.12223910126581672
0.177076689869574
0.23972259092161557
0.2926269041010724
0.34923420418761586
0
0.0523701654785231
0.10857511807295026
0.1708728412672636
0.22701976859718287
0.2791707346349471
0.3318818054486036
0.3840315466729254
0
0.05265636882115385
0.10496089311649712
0.15810273875272235
0.21033764120731702
0.26507091652609444
0.31752696185260976
0.37091051672534114
0
0.05215312293879773
0.10430283847527748
0.1594651747107677
0.21251848226989528
0.2678754819530479
0.3207630331860528
0.37514806160664116
0
0.0565015935142444
0.11331925948328667
0.18553501834482294
0.2518344386804111
0
0.08668783707809921
0
0
0
0
0
0
0
0
