0.4699178412259774
0.16013035623138133
0.08519382988721927
0.08020178345879948
0.05880795678291231
0.0634311444829044
0.05483758860375729
0.06264590105204156
0.052904313179456826
0.05660730008654346
0.053087207869722174
0.0523701654785231
0.05620495259442715
0.06229772319431334
0.05614692732991928
0.052150966037764236
0.052711070813656453
0.05214974122432182
0.05232363943002042
0.05265636882115385
0.05230452429534326
0.053141845636225225
0.052234902454594674
0.054733275318777426
0.052456045326515315
0.0533835548727314
0.05223166869076636
0.05215312293879773
0.05214971553647975
0.05516233623549023
0.05305330755912756
0.05535699968315258
0.052887551233004905
0.054385028420588316
0.06473602366205829
0.0565015935142444
0.05681766596904226
0.07221575886153628
0.06629942033558817
0.09399011808250257
0.08668783707809921
0.09828222956396292
0.12983885192850275
0.13135149160064774
0.1594249484130931
0.1614532474002218
0.1520665650086533
0.12041722258741658
