0
0.4942235909864145
0
0.0926669362656703
0.172637198641263
0.23051519328331815
0.2990033917317584
0.35425613167835784
0.4172256371614106
0.47147522737324005
0
0.05443360015008903
0.10707065837317008
0.16268380356004847
0.22760746183991976
0.28880191546232603
0.3412332754747161
0.3934427788159287
0.44559438274099566
0.4977455340665966
0
0.05215262482316339
0.10478953745876693
0.15707591197130386
0.20989964282859822
0.2625794089493082
0.31974995538428663
0.3719341651445223
0.4241699254985921
0.47696731713603224
0
0.0529982272250729
0.10738819543841346
0.16135586539289862
0.21760429438230686
0.29470224288041746
0.3535301046188706
0.41606752274703934
0.48880887933397993
0
0.10192929234878165
0.19688787136262087
0.3049905032494882
0.4446150273544184
0
0.15879775313623118
0.31930448578474013
0.47476221909299393
0
0
