0.4942235909864145
0.1585340049005568
0.0926669362656703
0.07997026237559271
0.05787799464205516
0.06848819844844023
0.05525273994659944
0.06296950548305276
0.054249590211829436
0.056833407872221554
0.05443360015008903
0.05263705822308105
0.05561314518687838
0.06492365827987129
0.061194453622406254
0.05243136001239006
0.052209503341212604
0.052151603925066965
0.052151151325600935
0.052355433028708445
0.05215262482316339
0.052636912635603536
0.05228637451253693
0.05282373085729436
0.052679766120710014
0.05717054643497841
0.05218420976023568
0.052235760354069787
0.052797391637440114
0.0537493675795327
0.0529982272250729
0.05438996821334056
0.053967669954485153
0.05624842898940824
0.07709794849811058
0.058827861738453134
0.06253741812816875
0.0727413565869406
0.07441293758578817
0.10192929234878165
0.09495857901383922
0.10810263188686729
0.13962452410493023
0.1326616932962829
0.15879775313623118
0.16050673264850895
0.1554577333082538
0.1279139073522557
