0
0
0.15858903014080894
0.2516601582577965
0.3320819430851405
0.3903665822361363
0
0.05522915017603209
0.11820532461947181
0.17243492432038882
0.22925527089498604
0.28382024656211846
0.3365160783028645
0.39230279413039854
0
0.06129734194817179
0.11377945292666221
0.16596850647670236
0.21812608463203334
0.2702765750504919
0.3225914906999719
0.3747442997697884
0
0.052243476142455655
0.10524569710321346
0.15803944834881725
0.21570425299786516
0.2679369370682997
0.3202696391373858
0.3732790479099367
0
0.053259002377431815
0.10820904742134003
0.1626424459837988
0.21976184165039886
0.2984862075320192
0.3585980995255486
0
0.07365983236731853
0.14867239698555956
0.2525316905854451
0.3493534048635986
0
0.13889444214725113
0.26952592327665037
0
0.15989714885595402
0.31722322382010815
0
0
