0.4942235909864145
0.15858903014080894
0.09307112811698755
0.08042178482734404
0.05828463915099579
0.06920788878513368
0.05522915017603209
0.06297617444343973
0.054229599700916994
0.056820346574597225
0.054564975667132413
0.05269583174074604
0.055786715827534014
0.06511263593254159
0.06129734194817179
0.05248211097849042
0.052189053550040165
0.05215757815533099
0.05215049041845855
0.052314915649479966
0.052152809069816494
0.05280445820935552
0.052243476142455655
0.053002220960757816
0.052793751245603794
0.057664804649047906
0.05223268407043451
0.05233270206908615
0.053009408772550885
0.05411058218148276
0.053259002377431815
0.05495004504390822
0.05443339856245874
0.05711939566660006
0.07872436588162036
0.06011189199352939
0.06400308263905763
0.07365983236731853
0.07501256461824105
0.10385929359988555
0.0968217142781535
0.1100586124231491
0.13889444214725113
0.13063148112939926
0.158046159374171
0.15989714885595402
0.15732607496415413
0.1318182470125628
