0
0
0.15858903014080894
0
0.07990575262118149
0.13773768396435865
0
0.05519689365399927
0.11809146304490042
0.17228693867936376
0
0.054493426714649254
0.1071566473363248
0.1628451479374135
0
0.06121038511571272
0.11365448224445714
0.16585828905523425
0
0.05215209499996378
0.10452931137529203
0.1566797065880977
0
0.05227552382272389
0.10515020634307898
0.15785448488553144
0
0.05218866042029272
0.1044381771725708
0.15725770473886022
0
0.0530714259144093
0.10763281041425257
0.1617331913817013
0
0.07713964071179061
0.1359570306787753
0.19838072995986858
0
0.07386119179458728
0.17653464304445987
0
0.10887065387190703
0
0.13194794130166004
0
0.16032328156021258
0
0.1333122189737925
0
