0.4942235909864145
0.15858903014080894
0.09307112811698755
0.07990575262118149
0.05783193134317714
0.06842106569326112
0.05519689365399927
0.06289456939090116
0.05419547563446334
0.05675629597641363
0.054493426714649254
0.052663220621675534
0.055688500601088715
0.06500878321940126
0.06121038511571272
0.05244409712874441
0.05220380681077711
0.052152431314858236
0.05215209499996378
0.05237721637532826
0.05215039521280569
0.052675472625462044
0.05227552382272389
0.05287468252035508
0.05270427854245248
0.05730992665269798
0.05218866042029272
0.052249516752278076
0.05281952756628942
0.053797483040301616
0.0530714259144093
0.05456138449984327
0.05410038096744874
0.05651002667773566
0.07713964071179061
0.058817389966984684
0.06242369928109328
0.07247137460596335
0.07386119179458728
0.1026734512498726
0.09575074266404643
0.10887065387190703
0.13963900766065918
0.13194794130166004
0.15859797846551815
0.16032328156021258
0.15632506082264178
0.1333122189737925
