0
0
0.16024271719509336
0.2522570455719012
0
0.058253063919676495
0.12052711458196916
0.1775565490220236
0.24980014534371825
0.3053607574838525
0.36510003221975446
0.4182269135633093
0.470905775258311
0
0.062104093806375466
0.12017925242587169
0.17233234030701408
0.22448882929998606
0.27663874835164903
0.3288041854790699
0.3810481425751581
0.4332665171059319
0.4856386999514077
0
0.055051953788616645
0.10770546726028862
0.16450006275352302
0.21665435212869308
0.2688608815099591
0.3211192480128696
0.3778202449151172
0.4309088910349058
0.4894064736347643
0
0.053672788957475376
0.11646639256954112
0.17635235148459116
0.23701510366540285
0.31430360474582447
0.38685753964249764
0
0.09568925234053265
0.2010096812090731
0
0.1340587040956887
0.2916415640750317
0
0.1572375359316585
0.2825273914721513
0
