0.43080701120370524
0.16024271719509336
0.09201432837680787
0.07903009584660445
0.058253063919676495
0.06227405066229267
0.05702943444005445
0.07224359632169464
0.055560612140134254
0.05973927473590194
0.05312688134355489
0.05267886169500166
0.05551508193583592
0.062104093806375466
0.05807515861949621
0.05215308788114239
0.05215648899297199
0.05214991905166295
0.052165437127420874
0.05224395709608818
0.05221837453077375
0.052372182845475776
0.05215189235440205
0.055051953788616645
0.052653513471671985
0.05679459549323441
0.052154289375170054
0.05220652938126602
0.052258366502910464
0.05670099690224758
0.053088646119788654
0.05849758259985849
0.05460959563801267
0.053672788957475376
0.06279360361206575
0.05988595891505005
0.06066275218081168
0.07728850108042164
0.07255393489667318
0.1047663462061422
0.09568925234053265
0.10532042886854044
0.12916768421437907
0.1340587040956887
0.15758285997934304
0.16047898586706866
0.1572375359316585
0.12528985554049277
