0
0
0.16029222752746136
0
0.08210032490001223
0.1408551380463609
0
0.057306072613718534
0.13218830036677787
0.1858942816137527
0
0.053083659844068466
0.10572936911466316
0.16209188717591597
0
0.05484252356264843
0.10700912097100658
0.15994605078891733
0
0.052171548670389006
0.10557851792277305
0.15775424008453495
0
0.05310755236634101
0.11393384034438628
0.16677072118159314
0
0.05217170692517321
0.10451125415565028
0.15767226251800232
0
0.05760802200141241
0.12285575403078727
0.17783099437735697
0
0.06576615338104531
0.129111612787352
0.19644661049086504
0
0.07998433497842104
0.1892894840090067
0
0.10846257454265003
0
0.13227857115392408
0
0.15825218067410893
0
0.13149940051575132
0
