0.46581643859451666
0.16029222752746136
0.08592368990390872
0.08210032490001223
0.05875481314634866
0.0608108305006425
0.057306072613718534
0.07488222775305933
0.05370598124697486
0.06104596953254734
0.053083659844068466
0.052645709270594684
0.05636251806125281
0.06366010879415919
0.05484252356264843
0.05216659740835815
0.05293692981791075
0.05219411134344749
0.052171548670389006
0.05340696925238404
0.0521757221617619
0.054195223722865705
0.05310755236634101
0.06082628797804527
0.052836880837206855
0.05403714448589624
0.05217170692517321
0.052339547230477075
0.05316100836235204
0.062109381478822466
0.05760802200141241
0.06524773202937487
0.054975240346569705
0.056431853739884796
0.06576615338104531
0.0633454594063067
0.06733499770351303
0.08774899426916516
0.07998433497842104
0.10930514903058566
0.09853049271637539
0.10846257454265003
0.1250924817311917
0.13227857115392408
0.15798443042430044
0.15825218067410893
0.15958595784238772
0.13149940051575132
