0
0
0.16029222752746136
0.24621591743137008
0
0.05873749977528208
0.11953102209231117
0.17675906858109658
0.25151829862114183
0
0.061013593002375896
0.11409426206607515
0.16673841996400462
0.22308624420242762
0.2867632407931428
0
0.05216339376468685
0.10507000719636034
0.15725821983917632
0.20942708039518568
0.2628399223742242
0
0.05412491040720113
0.10720982102277389
0.167870672045254
0.22067590415057958
0.2746232040732811
0
0.05232052123259683
0.10543409844094377
0.16736520290955914
0.22484495329617155
0.28978798021482066
0
0.05613300449106945
0.12164265715107402
0.1847756017891482
0.251856252134228
0
0.0794437357159778
0.1881256564548005
0.28617238068951756
0
0.12413191977419845
0.25564116965094347
0
0.15828865655929159
0
0.1317620237945364
0
