0.46581643859451666
0.16029222752746136
0.08592368990390872
0.08246970778463777
0.05873749977528208
0.060793522317029086
0.05722804648878541
0.07475923004004528
0.053655306236368445
0.061013593002375896
0.05308066906369926
0.05264415789792949
0.056347824238422994
0.0636769965907152
0.054879591198348836
0.05216339376468685
0.052906613431673494
0.052188212642815986
0.05216886055600937
0.05341284197903852
0.05217841190120103
0.05412491040720113
0.05308491061557276
0.0606608510224801
0.05280523210532559
0.05394729992270156
0.05216519007811588
0.05232052123259683
0.05311357720834694
0.06193110446861536
0.0574797503866124
0.06494302691864912
0.054872506205946144
0.05613300449106945
0.06550965266000457
0.06313294463807417
0.06708065034507982
0.08741787894884899
0.0794437357159778
0.10868192073882271
0.09804672423471704
0.1082861094265814
0.12413191977419845
0.131509249876745
0.15773665724906685
0.15828865655929159
0.15953452253753103
0.1317620237945364
