0
0
0.16024271719509336
0.2522570455719012
0.3312871414185057
0.3897159792720889
0.4522684474821601
0
0.07227461738776048
0.12784197350459936
0.18759687324304034
0.24073343172700867
0.2934177379004388
0.3489566072729803
0.41110311260879073
0.4692160989018309
0
0.052155700850984726
0.10430550057922067
0.15647281381668035
0.20871325397311763
0.26093575286538373
0.31329829208589216
0.36545092514078237
0.420625763831119
0.4733511909460513
0
0.05215171344698688
0.10437056307486045
0.15664887199046762
0.21343573391627138
0.26659062851050663
0.3252166575142414
0.3799222830859137
0.4338668321690729
0.49728257022834876
0
0.061013503295888165
0.13864644529025835
0.21154823999190858
0.3165498697253547
0
0.10526990137621704
0.2341116677597349
0.3680130312754012
0
0.16020754229521048
0.31688693121857325
0
0
