0.43080701120370524
0.16024271719509336
0.09201432837680787
0.07903009584660445
0.0584288378535832
0.06255246821007118
0.05722631594377659
0.07227461738776048
0.05556735611683889
0.05975489973844097
0.05313655848396833
0.05268430617343011
0.055538869372541516
0.06214650533581047
0.05811298629304017
0.052152308413723
0.052155700850984726
0.05214979972823595
0.052167313237459684
0.05224044015643727
0.05222249889226613
0.05236253922050844
0.0521526330548902
0.05517483869033661
0.05272542711493232
0.05698082340809004
0.05215171344698688
0.05221884962787356
0.052278308915607176
0.05678686192580376
0.05315489459423527
0.05862602900373474
0.05470562557167229
0.05394454908315923
0.06341573805927583
0.06055660711385416
0.061013503295888165
0.07763294199437018
0.07290179470165023
0.1050016297334461
0.09620712913938373
0.10526990137621704
0.12884176638351785
0.1339013635156663
0.15763564904502303
0.16020754229521048
0.15667938892336275
0.12425913701904526
