0
0
0
0.09190939978207469
0
0.058259043485630144
0.12054290751985818
0.17757538139698562
0.24983023452395536
0.3053922018885532
0.36514301821211637
0.4182736214737242
0.4709547383741586
0
0.06208690558978528
0.12014983110149491
0.1723032113686213
0.22445927395351617
0.27660904749555515
0.3287753130145016
0.3810148848340692
0.4332369100532646
0.48560434130965957
0
0.05503952227687459
0.10767018894594707
0.1644479468644048
0.216604724145386
0.26880561004169434
0.3210506409122755
0.37771083195990246
0.43074172120203325
0.48917631352684326
0
0.05362141139693565
0.11636548682967118
0.17616057748791378
0.23666890409972302
0.31387499281916464
0.38623733636005764
0
0.09565871041100643
0
0
0
0
0
0
0
0
