0.43080701120370524
0.16024271719509336
0.09190939978207469
0.07890422394398448
0.058259043485630144
0.06228386403422803
0.05703247387712744
0.07225485312696973
0.05556196736459785
0.059750816323563175
0.05313060326160783
0.052681116900434366
0.0555242170126788
0.06208690558978528
0.05806292551170963
0.052153380267126404
0.05215606258489487
0.05214977354203898
0.05216626551894646
0.05223957181956764
0.0522220252191954
0.05236743125639496
0.05215335468735584
0.05503952227687459
0.05263066666907247
0.05677775791845773
0.05215677728098121
0.05220088589630831
0.05224503087058114
0.056660191047626964
0.053030889242130765
0.05843459232481003
0.054526652653724896
0.05362141139693565
0.06274407543273552
0.0597950906582426
0.06050832661180923
0.0772060887194416
0.07236234354089296
0.10466295535842425
0.09565871041100643
0.10531944073112164
0.12852697534039068
0.1341719501348836
0.15744198806284618
0.16044000453591806
0.15714291986791137
0.1262942936508919
