0
0
0.16024271719509336
0
0.07887620993565389
0.13715460093591733
0.19946398824017075
0
0.07227091316058595
0.12783661610966895
0.18759429593624782
0.2407299388201689
0.293413800036621
0
0.06210466802940131
0.1201866069502166
0.17233908721772248
0.224496560558198
0.276646525651736
0
0.052230062206764696
0.10446108431099291
0.15681226991368236
0.20896880941789603
0.2641007116180376
0
0.05681528435485656
0.1089705151290863
0.16117623057038374
0.213428907110395
0.27012554315746595
0
0.058438387887629846
0.11293832096240403
0.16669024269285823
0.22974078429017603
0.2898534463169574
0
0.07740370535676158
0.14989318559805878
0.2545303232688892
0
0.10537918196235754
0.2345235024266199
0
0.15738265707244456
0
0.15728586068845235
0
0
