0.43080701120370524
0.16024271719509336
0.09201432837680787
0.07887620993565389
0.05827839100026344
0.06230938730425343
0.05705357855722041
0.07227091316058595
0.055565702949083015
0.059757679826578876
0.05313564288392108
0.052683861216452084
0.055535169810554084
0.06210466802940131
0.05808193892081529
0.05215248026750589
0.05215747334047551
0.052149965093537955
0.05216329111096699
0.052230062206764696
0.05223102210422821
0.052351185602689435
0.05215653950421366
0.05513190220014156
0.05267374072239786
0.05681528435485656
0.05215523077422974
0.052205715441297436
0.052252676540011256
0.056696636047070974
0.05305151929781233
0.058438387887629846
0.05449993307477419
0.053751921730454205
0.0630505415973178
0.060112662026781415
0.060937634542647334
0.07740370535676158
0.0724894802412972
0.10463713767083041
0.09570718421776028
0.10537918196235754
0.12914432046426236
0.13419660277587003
0.15738265707244456
0.1602570746494486
0.15728586068845235
0.12522917937775307
