0
0
0.16013035623138133
0.2453701171232452
0
0.058798099501718305
0.12221130026225738
0.17703993946589747
0.23966514277830586
0.29256368347182377
0.3491564940179406
0
0.05236567934539003
0.10854739809206748
0.1708338042412884
0.22696902667070873
0.2791205507583436
0.33184533812531347
0.3839950271816567
0
0.05265712973114056
0.10496634254074894
0.15809417184587107
0.2103295047323777
0.26503612868085585
0.31749048718434997
0.37085370546890406
0
0.052154395925160614
0.10430433040986856
0.15942663727019898
0.21246765663007128
0.2677741515412925
0.3206387223417348
0.37497659997874555
0
0.05642256703453664
0.11313810102182506
0.18523295412983729
0.251392935366731
0
0.08661708909832794
0.18490194730717252
0
0.13168716378443684
0.29137129590433986
0
0.15167298161903336
0.27096609946613215
0
