0.4699178412259774
0.16013035623138133
0.08523976089186384
0.0802560025523844
0.058798099501718305
0.06341320076053908
0.05482863920364008
0.0626252033124084
0.05289854069351788
0.05659281054611684
0.05307868741400755
0.05236567934539003
0.05618171874667745
0.062286406149220944
0.0561352224294203
0.052151524087634855
0.052724787366969894
0.0521496890563432
0.05233404999324441
0.05265712973114056
0.052309212809608374
0.053127829305122144
0.05223533288650662
0.054706623948478146
0.052454358503494114
0.053363218284554086
0.052236238113758784
0.052154395925160614
0.052149934484707935
0.055122306860330435
0.05304101935987231
0.055306494911221256
0.05286457080044229
0.054337877637010756
0.06462732218042301
0.05642256703453664
0.05671553398728843
0.07209485310801222
0.06615998123689376
0.09390509404324297
0.08661708909832794
0.09828485820884457
0.1305838990373726
0.13168716378443684
0.159684132119903
0.16154827923278334
0.15167298161903336
0.11929311784709877
