0.43080701120370524
0.16024271719509336
0.09190939978207469
0.07889717463647819
0.058266089440751435
0.062288166499523644
0.057053403219612664
0.0722745525619862
0.05557649178624356
0.059769654835557864
0.0531371171324555
0.05268429550789015
0.05553972284357699
0.06211439566322092
0.05809016274195645
0.052152688694409935
0.052154664782697924
0.05214969191450416
0.052169899898216916
0.0522312076797585
0.05223142574218543
0.05235070445086815
0.052159422192164635
0.05508670207239539
0.05264583741009113
0.0568426173467874
0.05215417114232208
0.052210158323292476
0.052246888146540896
0.056682190321910464
0.05302271294605637
0.058446647901681255
0.05450348227918689
0.05375951873599212
0.06282881510827841
0.05984456984177418
0.06053371317902268
0.0772405089599339
0.07231545645310665
0.10414057166657843
0.09502943758182714
0.10455428591288808
0.12837209858674872
0.13334777407997844
0.15735106393903572
0.16041724055976436
0.15720220451586592
0.1264018246670243
