0
0
0.16024271719509336
0.2522570455719012
0.3312871414185057
0.3897159792720889
0
0.057042494448102825
0.12931915388054974
0.18489240719616537
0.24465341588819056
0.29779162606544735
0.35047822187529526
0
0.06212469804971584
0.12022413518025901
0.17237609728027953
0.22453453240503965
0.27668490530659545
0.32884691623841344
0.3810977195218432
0
0.05234864016121794
0.10450414265477988
0.15962164624680023
0.2123109151851893
0.26920625388795216
0.32135726391685543
0.3735814749410575
0
0.05675411961152027
0.10987814031269882
0.1684387159152092
0.2230815190734477
0.27695991354523863
0.34022396323454285
0
0.06095425541767085
0.13853505435183713
0.2113556469517345
0.31629051054618296
0
0.10521923913629616
0.2340561557145745
0.367958258182394
0
0.16023203156920268
0.31685966005647137
0
0
