0.43080701120370524
0.16024271719509336
0.09201432837680787
0.07903009584660445
0.0584288378535832
0.06255246821007118
0.057042494448102825
0.07227665943244692
0.05557325331561563
0.05976100869202519
0.053138210177256805
0.05268659580984789
0.05554238022867861
0.06212469804971584
0.05809943713054316
0.052151962100020516
0.05215843512476012
0.05215037290155579
0.05216201093181802
0.05225080328342975
0.05220941209158119
0.05234864016121794
0.05215550249356194
0.05511750359202034
0.05268926893838906
0.05689533870276285
0.052151010028903245
0.05222421102420204
0.0522859171638208
0.05675411961152027
0.05312402070117856
0.05856057560251038
0.05464280315823851
0.05387839447179096
0.06326404968930421
0.06037868348217079
0.06095425541767085
0.07758079893416629
0.07282059259989737
0.10493486359444842
0.09612793282447742
0.10521923913629616
0.12883691657827834
0.13390210246781953
0.15763700537063358
0.16023203156920268
0.1566276284872687
0.12414740493628604
