0.43080701120370524
0.16024271719509336
0.09190939978207469
0.07890422394398448
0.058259043485630144
0.06228386403422803
0.0570482171465959
0.0722755712601325
0.055570700379128264
0.05977109624875936
0.053134466830830764
0.052682165423762646
0.0555377636733204
0.0621014648240085
0.0580484758638362
0.0521538706757963
0.05215437544777331
0.05214969734563822
0.05217284789616284
0.052226527291732064
0.05224245127976962
0.05233346067901173
0.05215993661747806
0.05506434069159895
0.05263391468210918
0.05679397365128888
0.05215713639330627
0.05219963955429076
0.05224137375917983
0.056643857845892404
0.05300145396656641
0.05836945073260259
0.054410639034059335
0.053645894850009465
0.06271083373166886
0.05974313194211639
0.06050133118907784
0.07718258360833921
0.07217558298855606
0.10431052000790987
0.09537532206404709
0.10495503001863499
0.128228887878259
0.13384959126918544
0.15728288254415962
0.16035528401523075
0.15729224811118842
0.12649578807978676
