0
0
0
0.0855655214166986
0
0.058745704443682586
0
0.05728502679980307
0
0.05368944831136709
0
0.05307638747557624
0.10571617492563012
0.16206231244039176
0.22572526194818865
0.28059797819128784
0
0.05291473202903941
0.10510418337845667
0.1572752357119256
0.21069230540929673
0.26286799154924095
0
0.05310821848982075
0.11389583561291924
0.16672936083449524
0.22074616519453985
0.2729197428899752
0
0.053157477586175214
0.11522767177274089
0.17280895343446925
0.23795151953864033
0.29289121766197834
0
0.06570063975063532
0.12897494330701864
0.19623768068117498
0.28394010831339556
0
0.1088183823648097
0.20667385070936162
0
0.12465049335738287
0.2564182586771475
0
0
0
0
0
