0.46581643859451666
0.16029222752746136
0.0855655214166986
0.08209135794460351
0.058745704443682586
0.06080000998365698
0.05728502679980307
0.07483478956773948
0.05368944831136709
0.06100889424858847
0.05307638747557624
0.05263978745005388
0.05634613751476163
0.06366294950779688
0.054872716243099195
0.052168546519129964
0.05291473202903941
0.052189451349417264
0.0521710523334689
0.05341706969737114
0.052175686139944236
0.05419064980993357
0.05310821848982075
0.060787617123098485
0.052833525221576
0.054016804360044614
0.052173577695435396
0.0523478838662509
0.053157477586175214
0.062070194186565675
0.057581281661728365
0.06514256610417107
0.05493969812333802
0.056371482130269115
0.06570063975063532
0.0632743035563833
0.06726273737415633
0.08770242763222061
0.07965481671444632
0.1088183823648097
0.09785546834455192
0.10794354438548714
0.12465049335738287
0.13176776531976464
0.15790958561312884
0.15831554361651193
0.16005684809575882
0.13140216868639218
