0
0
0.16029222752746136
0
0.08210032490001223
0.1408551380463609
0
0.057306072613718534
0.13218830036677787
0.1858942816137527
0
0.053083659844068466
0.10572936911466316
0.16209188717591597
0.22575199597007517
0.28062674433666357
0
0.05292534407483344
0.1051162065615783
0.15728930450515108
0.21070911150836574
0.26288283095006054
0
0.053109520625342514
0.11394484880006156
0.16678486402402154
0.2208273965143348
0.27300378560909827
0
0.05317172418839881
0.11531638471618147
0.17292638667585258
0.2381533938520011
0.29312749030582347
0
0.06579382471086917
0.12916363713473303
0.19654000916803332
0.28432021634842
0
0.10879578246265423
0.20662420767806994
0
0.12448124876958558
0.25611231586697314
0
0.15827478626437078
0
0.13155753065399922
0
