0.46581643859451666
0.16029222752746136
0.08592368990390872
0.08210032490001223
0.05875481314634866
0.0608108305006425
0.057306072613718534
0.07488222775305933
0.05370598124697486
0.06104596953254734
0.053083659844068466
0.052645709270594684
0.05636251806125281
0.06366010879415919
0.05487474836658838
0.05216948635337261
0.05292534407483344
0.052190862486744864
0.05217309794357277
0.05341980700321467
0.052173719441694806
0.05421223773752115
0.053109520625342514
0.060835328174719046
0.052840015223959966
0.054042532490313266
0.05217638909476345
0.05235505138389764
0.05317172418839881
0.062144660527782655
0.0576100019596711
0.06522700717614852
0.05497409645382239
0.05642855293849478
0.06579382471086917
0.06336981242386386
0.06737637203330031
0.08778020718038664
0.07974102808124534
0.10879578246265423
0.09782842521541572
0.1078570913894867
0.12448124876958558
0.1316310670973876
0.15781705696876966
0.15827478626437078
0.15957235132289965
0.13155753065399922
