0.4942235909864145
0.15858903014080894
0.09270489912196185
0.08001480442121746
0.057785848395234866
0.06835227832519915
0.05518669156141053
0.06286775713417309
0.05418065543333233
0.05673303019514794
0.054467943609350186
0.05265205765588436
0.055656297578221235
0.06497382289112699
0.06118342047525125
0.052432608782888905
0.05221469156082854
0.05215059896578172
0.052153990911944524
0.05238800800379312
0.05215173320385574
0.05264871585049547
0.052285522504652904
0.0528349016907271
0.052670584834019124
0.05716707797844739
0.05218028923258549
0.052230478238849506
0.05276055126893976
0.05369216578654148
0.05301931479940428
0.054436715231208674
0.053934888482206796
0.05621748796016249
0.07673591468935659
0.058529268294193276
0.062228587951490014
0.07221281200565408
0.07342527150090886
0.10221849898044774
0.09537716010663558
0.10853627608275007
0.13872601828207706
0.13203086323248409
0.1584937826802314
0.16043291403884152
0.15704245718325516
0.13260653344301476
