0
0
0
0
0
0
0
0
0
0
0
0.05308800930526932
0.10573678049875342
0.16210943049117282
0
0.0548527000739738
0.10702042408029636
0.15996734425694048
0
0.05217412564277863
0.10559133418585176
0.1577639158289092
0
0.05312284090697194
0.11401593751145656
0.16687179444108985
0
0.052176936622305464
0.10453223988324976
0.1577275012830085
0
0.0576868591345383
0.12308001907586466
0.17811610736359196
0
0.0659554834093708
0.12946805348166107
0.19702333162231436
0
0.08028316194631975
0.18998293230467805
0
0.10874304731316163
0
0.13238707020689305
0
0
0
0
0
