0.46581643859451666
0.16029222752746136
0.0855655214166986
0.08212633340206832
0.0587770147320273
0.060848909213558566
0.05729369732270392
0.0748389587734274
0.053698279832762465
0.06102555479955278
0.05308800930526932
0.052648771193484094
0.05637264999241941
0.06368027822767236
0.0548527000739738
0.05216772400632255
0.052946920176644124
0.05219616090362277
0.05217412564277863
0.053417208543073136
0.05217258164305745
0.054225144986557915
0.05312284090697194
0.060893096604484616
0.052855856929633294
0.05407718259482953
0.052176936622305464
0.0523553032609443
0.05319526139975873
0.06221492145916132
0.0576868591345383
0.06539315994132636
0.05503608828772731
0.05652774895275332
0.0659554834093708
0.06351257007229026
0.06755527814065329
0.08806907095700618
0.08028316194631975
0.10969977035835829
0.09882462359563612
0.10874304731316163
0.12538519005929064
0.13238707020689305
0.15804901930032317
0.15825233626413787
0.16009602850482665
0.13137268245528685
