0
0
0
0
0
0
0
0
0
0
0
0.05308800930526932
0.10573678049875342
0.16210943049117282
0.22578970871884518
0.28067488845966576
0
0.052936326658687666
0.10512945194736151
0.15730541243251453
0.2107356910981132
0.262906162437175
0
0.053126176797315995
0.1140321659023602
0.1668923889451199
0.22097732986701613
0.2731597925191817
0
0.053211101021230306
0.1154741719144349
0.1731727349938333
0.2385625936071735
0.2936069282668502
0
0.06599578200925305
0.12954929619346559
0.19716415634203127
0.2852855369726155
0
0.10923608549808281
0.20742113402179596
0
0.12485336491181509
0.25667794608975825
0
0
0
0
0
