0.46581643859451666
0.16029222752746136
0.0855655214166986
0.08212633340206832
0.0587770147320273
0.060848909213558566
0.05729369732270392
0.0748389587734274
0.053698279832762465
0.06102555479955278
0.05308800930526932
0.052648771193484094
0.05637264999241941
0.06368027822767236
0.054885179740820585
0.05217070523328398
0.052936326658687666
0.05219312528867385
0.05217596048515303
0.05343027866559864
0.05217047133906182
0.054244012294834665
0.053126176797315995
0.0609059891050442
0.052860223042759696
0.05408494092189623
0.052182462652165605
0.052372222789687756
0.053211101021230306
0.062263070893204604
0.05769856307939838
0.06538985861334021
0.05504433465967669
0.056538178320316164
0.06599578200925305
0.06355351418421254
0.0676148601485657
0.08812138063058422
0.08008462335972165
0.10923608549808281
0.09818504852371317
0.10819745702020242
0.12485336491181509
0.13182458117794318
0.15791867152740136
0.1583056217073018
0.1600657743282598
0.13132622329904425
