0
0
0
0.09190939978207469
0
0.058259043485630144
0
0.0570482171465959
0
0.055570700379128264
0
0.053134466830830764
0.10581663225459341
0.16135207952722647
0.22346265666261741
0.2815453826379179
0
0.052154371973739164
0.10430407000965529
0.15647464638202851
0.20870511613558826
0.26093813855498843
0
0.05215950930100276
0.10723483849039255
0.1598798708504883
0.21670943692446515
0.2688638327075024
0
0.05224514473253602
0.10890996251921253
0.16193085009245273
0.22035032367447777
0.2748475459004965
0
0.06278614057724885
0.12260235326057078
0.1831042032970902
0.26028002434947983
0
0.10407213068347412
0.19904026355324667
0
0.12834493616382278
0.2616981643610632
0
0
0
0
0
