0.43080701120370524
0.16024271719509336
0.09190939978207469
0.07890422394398448
0.058259043485630144
0.06228386403422803
0.0570482171465959
0.0722755712601325
0.055570700379128264
0.05977109624875936
0.053134466830830764
0.052682165423762646
0.05553544727263307
0.06211057713539094
0.058082725975300474
0.052152828395183835
0.052154371973739164
0.052149698035916126
0.05217057637237323
0.052230469753559744
0.05223302241940015
0.052348385106794376
0.05215950930100276
0.05507532918938979
0.05264503236009576
0.056829566073976844
0.05215439578303726
0.05220901658723096
0.05224514473253602
0.05666481778667651
0.05302088757324019
0.05841947358202503
0.05449722222601872
0.05374620482051228
0.06278614057724885
0.05981621268332193
0.06050185003651943
0.07717582105238963
0.07226771380279312
0.10407213068347412
0.09496813286977256
0.10451203524070278
0.12834493616382278
0.13335322819724038
0.1573669124146007
0.1604247402462505
0.15717888325512297
0.1263545655795306
