0
0
0
0.0855655214166986
0
0.058745704443682586
0.11954571442733956
0
0.07480489187321893
0.12848141122533163
0
0.053069633294123654
0.10570448306953974
0.1620342981631341
0.22568513829319164
0.2805453752598156
0
0.05290443325925893
0.10509212146302806
0.15726092187795068
0.2106694742919402
0.26284797068749344
0
0.05310032754002258
0.11383534405142641
0.16665787052024733
0.2206448731816294
0.27281502521092194
0
0.05313332775737922
0.11512221082898302
0.17264578568281097
0.23768247225054978
0.2925730329457345
0
0.06557500582241502
0.12872596364590497
0.19582347598159422
0.28334413361453614
0
0.10861522231438087
0.2062990186308108
0
0.12462312022973673
0.25643851401054474
0
0
0
0.13122566273733346
0
