0.46581643859451666
0.16029222752746136
0.0855655214166986
0.08209135794460351
0.058745704443682586
0.06080000998365698
0.05724540151889701
0.07480489187321893
0.0536765193521127
0.06097660940870867
0.053069633294123654
0.05263484977541608
0.056329815093594374
0.06365084013005755
0.054860236966623926
0.05216727023284313
0.05290443325925893
0.05218768820376913
0.05216880041492262
0.0534085524139895
0.05217849639555326
0.054164080881901944
0.05310032754002258
0.06073501651140383
0.052822526468820935
0.053987002661382066
0.05217015202929253
0.052337741334986664
0.05313332775737922
0.06198888307160381
0.05752357485382796
0.06503668656773881
0.054890560695184706
0.05629352242633204
0.06557500582241502
0.06315095782348995
0.06709751233568925
0.08752065763294194
0.07947029203942138
0.10861522231438087
0.09768379631642994
0.10781319889285905
0.12462312022973673
0.13181539378080798
0.15793933169015817
0.15837831127492463
0.16000305745391746
0.13122566273733346
