0
0
0
0
0
0
0.06346222777335972
0.11831724970866049
0.18099808544510915
0.2339132906348774
0.2905507085972364
0.3436546664077481
0.3960224880551716
0
0.062324789690165215
0.11849080611367097
0.1706411269179761
0.22333327491458324
0.2754832872255842
0.32779277108783345
0.3804792862583644
0
0.05315011974653169
0.10538612187294394
0.1601315659990764
0.21258812122020593
0.2659790266108118
0.318210378163906
0.37036156106789003
0
0.055218785622195336
0.10830807510704732
0.1637350260614689
0.21666240020306057
0.2711292420958375
0.3359849909428575
0.3926481014362373
0
0.07227441364982852
0.1386272275135776
0
0
0
0
0
0
0
0
0
0
