0.4699178412259774
0.16013035623138133
0.08519382988721927
0.08021719240021444
0.05881654195125799
0.06346222777335972
0.05485502193530077
0.06268083573644866
0.05291520518976824
0.056637417962358994
0.05310395781051167
0.052367821647423506
0.05619476584711772
0.062324789690165215
0.05616601642350575
0.05215032080430512
0.052692147996607146
0.05215001231100095
0.05230948386224927
0.05268651517053099
0.05228295052358852
0.05315011974653169
0.05223600212641224
0.054745444126132484
0.05245655522112953
0.053390905390605856
0.0522313515530942
0.052151182903984024
0.05215005087909608
0.055218785622195336
0.05308928948485199
0.05542695095442156
0.05292737414159169
0.0544668418927769
0.06485574884702
0.05666311049337982
0.05705103777486605
0.07227441364982852
0.06635281386374905
0.09385582425933402
0.08682163218604075
0.0983942498992785
0.12974490004350603
0.1311293793700639
0.1593374385544115
0.16139519936804197
0.152429965736263
0.12085594474989023
