0
0
0.16013035623138133
0
0.08021293166374385
0.13901231708706016
0.20243181604821123
0.25726147924478615
0.3198911251474596
0.3727911169598061
0
0.05310108958303518
0.1054673079160654
0.16165519216725027
0.22393723068624063
0.28007065407965787
0.33222210541856123
0.3849447392957384
0
0.052335669740205516
0.10498856523125646
0.1572981764317653
0.21042742008084162
0.2626651078987187
0.3173742669827208
0.36982386486006846
0
0.05224300768694789
0.10439654095120363
0.15654629704757073
0.21169743810719
0.2647459053109192
0.3200920726459843
0.3729742038770674
0
0.0645406210838709
0.12089587143799649
0.17752855293782802
0.24943766138049875
0.31537728522254493
0
0.08655287117194084
0.18468650628105324
0
0.13142884106517622
0
0.16148624914445056
0
0.12015381671296636
0
