0.4699178412259774
0.16013035623138133
0.08523976089186384
0.08021293166374385
0.058799385423316315
0.06341949896115107
0.054829663196574924
0.06262964590267345
0.05289999181234652
0.056594400236867015
0.05310108958303518
0.05236621833303022
0.056187884251184865
0.062282038518990356
0.05613342339341723
0.05215145133890339
0.05272263387717717
0.05214968862067851
0.052335669740205516
0.05265289549105095
0.05230961120050885
0.053129243649076306
0.052237687817877104
0.054709159084002104
0.052449597877347674
0.05336340445243727
0.05224300768694789
0.05215353326425573
0.05214975609636711
0.05515114105961926
0.05304846720372917
0.05534616733506514
0.05288213123108311
0.05437233951327339
0.0645406210838709
0.05635525035412559
0.056632681499831534
0.07190910844267073
0.06593962384204619
0.09355580058243576
0.08655287117194084
0.0981336351091124
0.130377180058878
0.13142884106517622
0.15959211777720236
0.16148624914445056
0.1500239317148882
0.12015381671296636
